VR1,VR2,VR3,VR4,VR5,VR6
1.416099999999999914e+00,1.558900000000000043e-02,1.642199999999999964e-04,1.416100000000000087e-06,1.427999999999999949e-08,1.392300000000000197e-10
1.558900000000000043e-02,1.716100000000000181e+00,1.807800000000000032e-02,1.558899999999999999e-04,1.572000000000000365e-06,1.532699999999999887e-08
1.642199999999999964e-04,1.807800000000000032e-02,1.904399999999999649e+00,1.642199999999999910e-02,1.655999999999999866e-04,1.614600000000000177e-06
1.416100000000000087e-06,1.558899999999999999e-04,1.642199999999999910e-02,1.416099999999999914e+00,1.427999999999999929e-02,1.392300000000000070e-04
1.427999999999999949e-08,1.572000000000000365e-06,1.655999999999999866e-04,1.427999999999999929e-02,1.439999999999999947e+00,1.403999999999999866e-02
1.392300000000000197e-10,1.532699999999999887e-08,1.614600000000000177e-06,1.392300000000000070e-04,1.403999999999999866e-02,1.368899999999999784e+00
