VR1,VR2,VR3,VR4,VR5,VR6
1.416099999999999914e+00,1.558900000000000008e-01,1.642200000000000257e-02,1.416100000000000214e-03,1.428000000000000287e-04,1.392300000000000205e-05
1.558900000000000008e-01,1.716100000000000181e+00,1.807799999999999963e-01,1.558900000000000216e-02,1.572000000000000480e-03,1.532700000000000284e-04
1.642200000000000257e-02,1.807799999999999963e-01,1.904399999999999649e+00,1.642200000000000049e-01,1.656000000000000180e-02,1.614600000000000106e-03
1.416100000000000214e-03,1.558900000000000216e-02,1.642200000000000049e-01,1.416099999999999914e+00,1.428000000000000103e-01,1.392300000000000135e-02
1.428000000000000287e-04,1.572000000000000480e-03,1.656000000000000180e-02,1.428000000000000103e-01,1.439999999999999947e+00,1.403999999999999970e-01
1.392300000000000205e-05,1.532700000000000284e-04,1.614600000000000106e-03,1.392300000000000135e-02,1.403999999999999970e-01,1.368899999999999784e+00
