VR1,VR2,VR3,VR4,VR5,VR6
1.416099999999999914e+00,7.794499999999999762e-01,4.105499999999999705e-01,1.770124999999999893e-01,8.924999999999999600e-02,4.350937499999999597e-02
7.794499999999999762e-01,1.716100000000000181e+00,9.038999999999999257e-01,3.897249999999999881e-01,1.965000000000000080e-01,9.579374999999999696e-02
4.105499999999999705e-01,9.038999999999999257e-01,1.904399999999999649e+00,8.210999999999999410e-01,4.139999999999999791e-01,2.018249999999999766e-01
1.770124999999999893e-01,3.897249999999999881e-01,8.210999999999999410e-01,1.416099999999999914e+00,7.139999999999999680e-01,3.480749999999999678e-01
8.924999999999999600e-02,1.965000000000000080e-01,4.139999999999999791e-01,7.139999999999999680e-01,1.439999999999999947e+00,7.019999999999999574e-01
4.350937499999999597e-02,9.579374999999999696e-02,2.018249999999999766e-01,3.480749999999999678e-01,7.019999999999999574e-01,1.368899999999999784e+00
