VR1,VR2,VR3,VR4,VR5,VR6
1.416099999999999914e+00,1.558900000000000008e-01,1.642200000000000049e-01,1.416099999999999859e-01,1.428000000000000103e-01,1.392299999999999927e-01
1.558900000000000008e-01,1.716100000000000181e+00,1.807799999999999963e-01,1.558900000000000008e-01,1.572000000000000064e-01,1.532700000000000173e-01
1.642200000000000049e-01,1.807799999999999963e-01,1.904399999999999649e+00,1.642200000000000049e-01,1.655999999999999972e-01,1.614599999999999924e-01
1.416099999999999859e-01,1.558900000000000008e-01,1.642200000000000049e-01,1.416099999999999914e+00,1.428000000000000103e-01,1.392299999999999927e-01
1.428000000000000103e-01,1.572000000000000064e-01,1.655999999999999972e-01,1.428000000000000103e-01,1.439999999999999947e+00,1.403999999999999970e-01
1.392299999999999927e-01,1.532700000000000173e-01,1.614599999999999924e-01,1.392299999999999927e-01,1.403999999999999970e-01,1.368899999999999784e+00
