VR1,VR2,VR3,VR4,VR5,VR6
1.416099999999999914e+00,7.794499999999999762e-01,8.210999999999999410e-01,7.080499999999999572e-01,7.139999999999999680e-01,6.961499999999999355e-01
7.794499999999999762e-01,1.716100000000000181e+00,9.038999999999999257e-01,7.794499999999999762e-01,7.860000000000000320e-01,7.663499999999999757e-01
8.210999999999999410e-01,9.038999999999999257e-01,1.904399999999999649e+00,8.210999999999999410e-01,8.279999999999999583e-01,8.072999999999999066e-01
7.080499999999999572e-01,7.794499999999999762e-01,8.210999999999999410e-01,1.416099999999999914e+00,7.139999999999999680e-01,6.961499999999999355e-01
7.139999999999999680e-01,7.860000000000000320e-01,8.279999999999999583e-01,7.139999999999999680e-01,1.439999999999999947e+00,7.019999999999999574e-01
6.961499999999999355e-01,7.663499999999999757e-01,8.072999999999999066e-01,6.961499999999999355e-01,7.019999999999999574e-01,1.368899999999999784e+00
