VR1,VR2,VR3,VR4,VR5,VR6
1.416099999999999914e+00,1.558900000000000043e-02,1.642199999999999910e-02,1.416099999999999998e-02,1.427999999999999929e-02,1.392299999999999961e-02
1.558900000000000043e-02,1.716100000000000181e+00,1.807800000000000032e-02,1.558900000000000043e-02,1.572000000000000133e-02,1.532700000000000035e-02
1.642199999999999910e-02,1.807800000000000032e-02,1.904399999999999649e+00,1.642199999999999910e-02,1.655999999999999833e-02,1.614599999999999716e-02
1.416099999999999998e-02,1.558900000000000043e-02,1.642199999999999910e-02,1.416099999999999914e+00,1.427999999999999929e-02,1.392299999999999961e-02
1.427999999999999929e-02,1.572000000000000133e-02,1.655999999999999833e-02,1.427999999999999929e-02,1.439999999999999947e+00,1.403999999999999866e-02
1.392299999999999961e-02,1.532700000000000035e-02,1.614599999999999716e-02,1.392299999999999961e-02,1.403999999999999866e-02,1.368899999999999784e+00
